892
810 378
689 748
3 116
64 236
661 480
802 217
175 499
33 193
793 40
473 302
726 525
169 416
163 396
454 487
3 39
60 423
175 179
7 73
129 56
659 122
163 30
602 572
194 610
69 324
159 156
47 58
99 181
638 847
124 2
101 195
213 133
293 437
212 612
377 543
581 119
117 168
176 760
540 527
3 29
90 4
114 76
228 669
249 246
273 220
46 394
551 638
621 560
349 290
68 285
652 457
169 59
85 73
769 587
533 313
133 20
7 26
260 721
265 101
194 377
384 549
5 9
743 133
290 5
812 663
514 60
125 172
678 414
142 827
204 705
650 720
33 28
41 306
90 508
212 307
266 512
413 357
110 347
15 510
103 202
356 766
677 83
615 648
138 496
474 747
23 57
120 891
343 11
864 11
630 332
569 21
67 456
234 12
177 813
215 115
483 528
489 45
293 181
305 237
733 705
439 588
26 613
380 501
6 18
173 849
272 207
14 556
156 318
80 32
4 63
204 1
188 85
103 97
38 3
244 429
620 449
391 296
335 471
140 446
534 261
74 502
505 68
38 340
843 877
789 333
8 19
98 180
453 615
47 161
386 206
573 890
142 414
322 11
40 783
333 703
731 398
200 568
84 707
10 79
633 343
87 241
127 216
415 472
727 647
618 816
40 143
335 106
21 177
706 453
702 186
481 750
470 438
338 73
874 587
266 373
67 128
252 85
87 141
134 35
464 503
448 697
166 547
605 376
194 13
792 440
492 44
381 177
96 809
653 214
36 572
9 375
225 567
360 158
647 491
604 583
231 520
111 523
671 479
207 63
135 87
187 350
685 154
682 859
714 299
34 9
291 577
396 625
717 230
203 405
7 6
730 887
148 397
590 341
359 150
366 454
553 641
211 217
322 361
728 537
44 206
658 539
181 443
38 110
432 663
399 656
252 704
493 798
339 412
304 282
14 71
107 15
398 390
115 107
252 295
629 407
313 86
283 110
164 888
238 222
586 42
539 373
410 553
199 548
116 192
689 212
85 363
333 521
269 253
337 402
160 289
753 587
762 124
640 223
126 787
77 61
674 355
500 775
40 18
35 220
14 4
333 428
256 555
265 751
579 631
37 83
347 776
63 393
478 24
69 6
162 401
522 424
62 255
607 314
486 269
692 19
112 10
611 761
206 421
218 250
628 151
699 7
100 297
17 23
552 208
159 292
344 324
831 575
2 55
739 589
1 8
45 29
319 271
411 207
404 375
860 881
786 361
179 231
562 360
123 541
413 545
20 35
276 221
474 74
166 248
860 382
76 187
174 57
446 619
32 838
124 806
92 49
467 286
235 49
465 266
205 754
563 118
551 576
8 137
2 4
691 114
677 795
442 525
144 34
251 31
148 455
263 153
676 45
111 76
758 343
30 466
14 131
746 49
438 163
33 485
197 790
550 543
39 72
197 450
740 253
130 123
332 566
139 575
17 8
34 81
22 48
113 36
715 819
380 463
32 407
46 34
199 871
788 93
62 801
12 13
785 180
660 668
208 82
112 197
513 248
11 7
38 275
24 427
627 642
724 607
174 247
222 27
16 8
448 210
147 11
425 412
616 105
49 29
828 399
369 6
626 517
232 865
836 720
125 430
14 67
368 235
10 54
311 18
355 314
60 94
544 105
201 278
683 87
38 530
258 172
330 161
374 197
256 30
270 449
45 119
440 138
633 664
260 841
666 274
125 109
367 180
100 346
506 445
706 718
124 752
333 385
421 504
649 120
863 819
722 32
441 535
837 500
455 833
7 28
14 65
294 60
11 82
415 178
296 515
1 62
119 315
323 277
300 28
388 212
1 2
800 498
105 83
136 134
738 171
490 279
272 312
655 440
462 314
291 445
840 717
513 519
259 215
239 372
419 324
107 317
7 10
326 140
309 271
139 150
198 34
389 125
120 47
606 853
79 851
108 844
565 520
109 104
201 184
284 263
200 694
630 715
777 510
62 66
422 367
309 791
176 58
28 271
808 506
226 266
651 179
164 166
99 117
341 156
759 105
2 127
821 142
76 108
104 603
229 850
592 623
434 441
730 294
211 118
320 395
291 681
161 491
421 480
459 219
842 106
354 131
57 153
854 586
511 469
40 667
153 156
61 316
6 139
382 306
558 345
261 186
295 814
70 69
856 610
27 60
837 862
776 826
197 245
872 99
84 73
210 175
495 59
15 167
126 582
166 327
13 24
661 818
133 365
30 15
14 78
517 72
835 294
156 433
657 497
40 328
42 230
695 119
100 209
587 884
68 329
32 3
41 99
226 690
71 154
5 145
74 95
701 270
740 885
3 2
784 418
41 268
140 78
342 40
848 66
500 86
31 227
5 432
507 469
183 870
8 199
148 126
531 542
14 20
214 390
16 76
224 99
524 212
332 55
76 88
160 95
100 59
249 700
63 314
6 15
166 189
673 644
839 427
155 13
132 66
462 756
156 531
188 600
334 241
658 883
314 477
158 27
632 552
732 614
232 187
16 27
817 267
512 639
522 735
447 428
310 111
173 218
578 635
137 212
11 22
232 780
794 213
34 348
765 683
584 93
264 155
191 205
54 561
434 268
24 151
526 617
843 701
150 170
573 299
2 260
473 729
126 6
538 228
118 138
353 232
480 665
493 152
392 4
772 84
162 173
14 56
347 482
288 227
204 277
152 119
6 93
684 359
154 570
175 226
622 268
81 468
325 244
595 318
137 171
587 70
596 96
98 69
592 545
36 26
279 124
79 96
392 529
509 518
559 144
420 228
355 606
333 131
661 687
395 484
453 45
137 409
389 436
537 288
95 339
281 886
638 882
162 27
148 442
77 184
79 281
158 185
484 803
551 423
776 779
869 190
638 805
824 469
609 245
57 89
825 100
108 291
81 254
44 2
675 614
150 654
240 178
562 770
371 312
97 286
203 80
208 223
546 159
102 29
59 74
379 321
332 868
51 48
75 246
636 374
471 867
228 331
237 299
102 123
146 149
107 852
352 127
75 61
219 13
133 418
804 627
580 63
86 16
440 712
645 590
526 483
109 253
185 403
59 27
41 16
135 175
107 494
476 105
505 509
60 597
782 706
383 36
224 451
46 280
498 380
287 479
598 374
711 315
314 741
386 557
84 589
357 183
846 277
85 458
861 823
698 147
834 695
257 215
76 118
33 186
296 234
275 768
358 410
304 366
87 214
265 611
47 45
104 233
184 225
439 418
829 758
136 384
37 27
217 646
303 123
171 719
464 76
31 2
127 242
41 157
889 427
336 119
34 87
536 391
531 532
413 564
252 481
713 699
96 104
203 301
227 356
585 145
137 362
25 14
47 50
634 234
773 596
400 269
33 52
618 327
164 165
682 311
815 145
262 122
31 229
430 822
6 5
5 21
101 47
157 358
186 593
873 19
387 54
244 574
459 614
527 710
118 239
406 39
799 213
101 287
237 194
41 200
431 252
452 299
363 460
546 734
150 183
194 755
212 267
591 286
385 878
368 444
282 142
164 7
42 41
323 686
356 811
374 483
323 716
93 688
308 224
608 86
112 146
376 269
455 601
275 723
744 326
38 302
764 409
211 771
709 104
820 279
78 680
191 41
417 206
497 147
320 49
114 796
424 144
